[1000.] [-1] [0.98738] [0.]
[998.] [-1] [0.98743] [0.]
[998.] [1] [0.] [-0.98745]
[998.] [1] [0.] [-0.98753]
[998.] [1] [0.] [-0.9875]
[998.] [1] [0.] [-0.98764]
[998.] [1] [0.] [-0.98757]
[998.] [1] [0.] [-0.98747]
[998.] [1] [0.] [-0.98742]
[998.] [1] [0.] [-0.9875]
[998.] [1] [0.] [-0.98733]
[998.] [1] [0.] [-0.98726]
[998.] [1] [0.] [-0.98708]
[998.] [1] [0.] [-0.98705]
[998.] [1] [0.] [-0.98706]
[998.] [1] [0.] [-0.98702]
[998.] [1] [0.] [-0.98714]
[998.] [1] [0.] [-0.98709]
e:    0 time:  0 bit:0 mit:  998
